1323632411	11 Dec 2011	48.9	9.4
1323719116	12 Dec 2011	47.8	8.7
1323784823	13 Dec 2011	50.4	10.2
1323871223	14 Dec 2011	49.1	9.5
1323957623	15 Dec 2011	50.5	10.3
1324044023	16 Dec 2011	50.2	10.1
1324130423	17 Dec 2011	51.1	10.6
1324216823	18 Dec 2011	48.6	9.2
1324303223	19 Dec 2011	46.0	7.8
1324404621	20 Dec 2011	46.9	8.3
1324476024	21 Dec 2011	47.1	8.4
1324562423	22 Dec 2011	48.4	9.1
1324648824	23 Dec 2011	51.3	10.7
1324735223	24 Dec 2011	50.7	10.4
1324821623	25 Dec 2011	48.0	8.9
1324908024	26 Dec 2011	47.8	8.8
1324994424	27 Dec 2011	47.3	8.5
1325080823	28 Dec 2011	48.6	9.2
1325167223	29 Dec 2011	45.7	7.6
1325253624	30 Dec 2011	45.3	7.4
1325340023	31 Dec 2011	45.9	7.7
1325426424	1 Jan 2012	46.9	8.3
1325512824	2 Jan 2012	46.9	8.3
1325599224	3 Jan 2012	46.0	7.8
1325715121	4 Jan 2012	41.5	5.3
1325772028	5 Jan 2012	38.8	3.8
1325858423	6 Jan 2012	39.0	3.9
1325944823	7 Jan 2012	42.4	5.8
1326031225	8 Jan 2012	44.4	6.9
1326117624	9 Jan 2012	45.1	7.3
1326204023	10 Jan 2012	43.2	6.2
1326290424	11 Jan 2012	46.4	8
1326376823	12 Jan 2012	48.0	8.9
1326463223	13 Jan 2012	47.5	8.6
1326549623	14 Jan 2012	43.0	6.1
1326636023	15 Jan 2012	43.2	6.2
1326722424	16 Jan 2012	38.3	3.5
1326808824	17 Jan 2012	38.5	3.6
1326895224	18 Jan 2012	40.6	4.8
1326981623	19 Jan 2012	43.3	6.3
1327068023	20 Jan 2012	40.1	4.5
1327154423	21 Jan 2012	43.0	6.1
1327240823	22 Jan 2012	41.9	5.5
1327327223	23 Jan 2012	42.3	5.7
1327433364	24 Jan 2012	42.3	5.7
1327500024	25 Jan 2012	43.0	6.1
1327618029	26 Jan 2012	41.2	5.1
1327672823	27 Jan 2012	41.2	5.1
1327759224	28 Jan 2012	40.5	4.7
1327845623	29 Jan 2012	44.2	6.8
1327932024	30 Jan 2012	42.8	6
1328018423	31 Jan 2012	42.8	6
1328104823	1 Feb 2012	44.4	6.9
1328191224	2 Feb 2012	44.8	7.1
1328277623	3 Feb 2012	43.9	6.6
1328364024	4 Feb 2012	43.9	6.6
1328450423	5 Feb 2012	45.0	7.2
1328536823	6 Feb 2012	43.5	6.4
1328677105	7 Feb 2012	45.9	7.7
1328709623	8 Feb 2012	45.9	7.7
1328796023	9 Feb 2012	45.7	7.6
1328882424	10 Feb 2012	45.0	7.2
1328968823	11 Feb 2012	45.0	7.2
1329055223	12 Feb 2012	43.9	6.6
1329141624	13 Feb 2012	40.3	4.6
1329228023	14 Feb 2012	41.2	5.1
1329314424	15 Feb 2012	41.9	5.5
1329400825	16 Feb 2012	42.4	5.8
1329487224	17 Feb 2012	42.6	5.9
1329573624	18 Feb 2012	43.3	6.3
1329660023	19 Feb 2012	45.0	7.2
1329746424	20 Feb 2012	45.3	7.4
1329832823	21 Feb 2012	44.8	7.1
1329919224	22 Feb 2012	45.0	7.2
1330005623	23 Feb 2012	45.9	7.7
1330092023	24 Feb 2012	46.8	8.2
1330178423	25 Feb 2012	45.7	7.6
1330264823	26 Feb 2012	43.7	6.5
1330351223	27 Feb 2012	42.8	6
1330437624	28 Feb 2012	44.8	7.1
1330524023	29 Feb 2012	45.0	7.2
1330610423	1 Mar 2012	46.2	7.9
1330696823	2 Mar 2012	45.7	7.6
1330783223	3 Mar 2012	45.9	7.7
1330869623	4 Mar 2012	42.3	5.7
1331042424	6 Mar 2012	42.3	5.7
1331128824	7 Mar 2012	43.0	6.1
1331215224	8 Mar 2012	43.5	6.4
1331301625	9 Mar 2012	48.4	9.1
1331388025	10 Mar 2012	47.3	8.5
1331470825	11 Mar 2012	46.6	8.1
1331557224	12 Mar 2012	47.8	8.8
1331643624	13 Mar 2012	49.5	9.7
1331730024	14 Mar 2012	52.7	11.5
1331816424	15 Mar 2012	50.7	10.4
1331902824	16 Mar 2012	50.5	10.3
1331989224	17 Mar 2012	49.8	9.9
1332075624	18 Mar 2012	51.8	11
1332162024	19 Mar 2012	52.2	11.2
1332248424	20 Mar 2012	53.8	12.1
1332334824	21 Mar 2012	54.3	12.4
1332594024	24 Mar 2012	57.0	13.9
1332680424	25 Mar 2012	53.8	12.1
1332766823	26 Mar 2012	53.2	11.8
1332853224	27 Mar 2012	52.2	11.2
1332939624	28 Mar 2012	51.6	10.9
1333026025	29 Mar 2012	53.8	12.1
1333112424	30 Mar 2012	52.9	11.6
1333198824	31 Mar 2012	53.8	12.1
1333285224	1 Apr 2012	51.8	11
1333371624	2 Apr 2012	52.5	11.4
1333458025	3 Apr 2012	51.8	11
1333544424	4 Apr 2012	52.9	11.6
1333630824	5 Apr 2012	52.7	11.5
1333717225	6 Apr 2012	53.4	11.9
1333803624	7 Apr 2012	52.9	11.6
1333890024	8 Apr 2012	53.6	12
1333976425	9 Apr 2012	54.3	12.4
1334062823	10 Apr 2012	54.3	12.4
1334149224	11 Apr 2012	53.8	12.1
1334322025	13 Apr 2012	54.5	12.5
1334408425	14 Apr 2012	56.7	13.7
1334494823	15 Apr 2012	56.1	13.4
1334581224	16 Apr 2012	57.6	14.2
1334840424	19 Apr 2012	59.2	15.1
1334926824	20 Apr 2012	59.2	15.1
1335013224	21 Apr 2012	60.4	15.8
1335099624	22 Apr 2012	60.4	15.8
1335186025	23 Apr 2012	59.0	15
1335272424	24 Apr 2012	57.4	14.1
1335358824	25 Apr 2012	57.9	14.4
1335445224	26 Apr 2012	57.0	13.9
1335531624	27 Apr 2012	57.7	14.3
1335618025	28 Apr 2012	56.3	13.5
1335704424	29 Apr 2012	56.7	13.7
1335790824	30 Apr 2012	57.2	14
1335877224	1 May 2012	58.1	14.5
1335963623	2 May 2012	57.4	14.1
1336050024	3 May 2012	57.0	13.9
1336136424	4 May 2012	57.6	14.2
1336222824	5 May 2012	57.7	14.3
1336309224	6 May 2012	58.8	14.9
1336395624	7 May 2012	60.1	15.6
1336482024	8 May 2012	59.7	15.4
1336568423	9 May 2012	61.0	16.1
1336654824	10 May 2012	61.2	16.2
1336741224	11 May 2012	61.2	16.2
1336827623	12 May 2012	61.5	16.4
1336914024	13 May 2012	63.1	17.3
1337000424	14 May 2012	65.3	18.5
1337086824	15 May 2012	65.7	18.7
1337173224	16 May 2012	62.4	16.9
1337259624	17 May 2012	64.9	18.3
1337346024	18 May 2012	64.0	17.8
1337432424	19 May 2012	64.4	18
1337518824	20 May 2012	66.2	19
1337605224	21 May 2012	63.9	17.7
1337691624	22 May 2012	64.0	17.8
1337778024	23 May 2012	66.7	19.3
1337864423	24 May 2012	66.2	19
1337950823	25 May 2012	65.8	18.8
1338037223	26 May 2012	67.3	19.6
1338123623	27 May 2012	72.3	22.4
1338210024	28 May 2012	73.6	23.1
1338296424	29 May 2012	75.9	24.4
1338382823	30 May 2012	76.5	24.7
1338469223	31 May 2012	73.9	23.3
1338555624	1 Jun 2012	72.5	22.5
1338728424	3 Jun 2012	70.7	21.5
1338814823	4 Jun 2012	70.3	21.3
1338901224	5 Jun 2012	68.5	20.3
1338987624	6 Jun 2012	68.9	20.5
1339074023	7 Jun 2012	70.3	21.3
1339160424	8 Jun 2012	71.2	21.8
1339246823	9 Jun 2012	72.5	22.5
1339333223	10 Jun 2012	72.5	22.5
1339419624	11 Jun 2012	72.0	22.2
1339506024	12 Jun 2012	71.8	22.1
1339592424	13 Jun 2012	71.2	21.8
1339678824	14 Jun 2012	70.9	21.6
1339765224	15 Jun 2012	71.2	21.8
1339851623	16 Jun 2012	72.1	22.3
1339938023	17 Jun 2012	73.2	22.9
1340024424	18 Jun 2012	72.3	22.4
1340110823	19 Jun 2012	72.5	22.5
1340197223	20 Jun 2012	73.6	23.1
1340283624	21 Jun 2012	76.6	24.8
1340370024	22 Jun 2012	76.5	24.7
1340456423	23 Jun 2012	80.1	26.7
1340542823	24 Jun 2012	79.5	26.4
1340557737	24 Jun 2012	79.9	26.6
1340557741	24 Jun 2012	79.9	26.6
1340557743	24 Jun 2012	79.9	26.6
1340557852	24 Jun 2012	79.9	26.6
1340557855	24 Jun 2012	79.9	26.6
1340629223	25 Jun 2012	79.7	26.5
1340715623	26 Jun 2012	75.0	23.9
1340802024	27 Jun 2012	72.7	22.6
1340888423	28 Jun 2012	73.6	23.1
1340974823	29 Jun 2012	75.9	24.4
1341061223	30 Jun 2012	78.1	25.6
1341147623	1 Jul 2012	78.8	26
1341234023	2 Jul 2012	78.3	25.7
1341320424	3 Jul 2012	75.9	24.4
1341406823	4 Jul 2012	76.3	24.6
1341493223	5 Jul 2012	77.0	25
1341579623	6 Jul 2012	78.3	25.7
1341666023	7 Jul 2012	79.3	26.3
1341752423	8 Jul 2012	79.2	26.2
1341838823	9 Jul 2012	78.3	25.7
1341925223	10 Jul 2012	79.9	26.6
1342011623	11 Jul 2012	79.5	26.4
1342098025	12 Jul 2012	79.7	26.5
1342184423	13 Jul 2012	79.9	26.6
1342270822	14 Jul 2012	79.9	26.6
1342357223	15 Jul 2012	79.3	26.3
1342443623	16 Jul 2012	79.9	26.6
1342530023	17 Jul 2012	80.6	27
1342616422	18 Jul 2012	83.1	28.4
1342702823	19 Jul 2012	78.8	26
1342789223	20 Jul 2012	76.1	24.5
1342962022	22 Jul 2012	75.9	24.4
1343048422	23 Jul 2012	77.0	25
1343134823	24 Jul 2012	77.4	25.2
1343221222	25 Jul 2012	77.2	25.1
1343307622	26 Jul 2012	79.0	26.1
1343394022	27 Jul 2012	80.1	26.7
1343480422	28 Jul 2012	80.2	26.8
1343566822	29 Jul 2012	78.1	25.6
1343653222	30 Jul 2012	78.6	25.9
1343739623	31 Jul 2012	78.4	25.8
1343826023	1 Aug 2012	78.4	25.8
1343912422	2 Aug 2012	78.6	25.9
1343998823	3 Aug 2012	80.8	27.1
1344085222	4 Aug 2012	81.1	27.3
1344171622	5 Aug 2012	82.0	27.8
1344258022	6 Aug 2012	82.2	27.9
1344344422	7 Aug 2012	81.5	27.5
1344430823	8 Aug 2012	82.0	27.8
1344517222	9 Aug 2012	82.2	27.9
1344603623	10 Aug 2012	82.2	27.9
1344690023	11 Aug 2012	81.1	27.3
1344776422	12 Aug 2012	81.7	27.6
1344862822	13 Aug 2012	81.0	27.2
1344949223	14 Aug 2012	80.6	27
1345035726	15 Aug 2012	80.6	27
1345122022	16 Aug 2012	80.1	26.7
1345208422	17 Aug 2012	79.0	26.1
1345294826	18 Aug 2012	78.8	26
1345381222	19 Aug 2012	78.1	25.6
1345467622	20 Aug 2012	78.1	25.6
1345554023	21 Aug 2012	77.4	25.2
1345640422	22 Aug 2012	78.1	25.6
1345726822	23 Aug 2012	77.7	25.4
1345813222	24 Aug 2012	78.1	25.6
1345899622	25 Aug 2012	78.3	25.7
1345986022	26 Aug 2012	77.0	25
1346072422	27 Aug 2012	77.4	25.2
1346158822	28 Aug 2012	78.3	25.7
1346245222	29 Aug 2012	77.9	25.5
1346331623	30 Aug 2012	78.6	25.9
1346418022	31 Aug 2012	78.1	25.6
1346504422	1 Sep 2012	79.2	26.2
1346590822	2 Sep 2012	79.2	26.2
1346677222	3 Sep 2012	78.8	26
1346763621	4 Sep 2012	77.9	25.5
1346850022	5 Sep 2012	78.4	25.8
1346936421	6 Sep 2012	77.7	25.4
1347022822	7 Sep 2012	78.4	25.8
1347109222	8 Sep 2012	79.3	26.3
1347195622	9 Sep 2012	79.0	26.1
1347282022	10 Sep 2012	77.5	25.3
1347368422	11 Sep 2012	75.0	23.9
1347454822	12 Sep 2012	75.2	24
1347541222	13 Sep 2012	75.2	24
1347627622	14 Sep 2012	74.8	23.8
1347714022	15 Sep 2012	74.7	23.7
1347800422	16 Sep 2012	73.4	23
1347886822	17 Sep 2012	73.0	22.8
1347973222	18 Sep 2012	73.4	23
1348059622	19 Sep 2012	72.9	22.7
1348146022	20 Sep 2012	72.0	22.2
1348232422	21 Sep 2012	70.3	21.3
1348318822	22 Sep 2012	70.0	21.1
1348405222	23 Sep 2012	69.8	21
1348491622	24 Sep 2012	69.6	20.9
1348578022	25 Sep 2012	68.4	20.2
1348664422	26 Sep 2012	68.9	20.5
1348750821	27 Sep 2012	68.9	20.5
1348837222	28 Sep 2012	69.1	20.6
1348923621	29 Sep 2012	69.1	20.6
1349010022	30 Sep 2012	68.9	20.5
1349096421	1 Oct 2012	68.5	20.3
1349182821	2 Oct 2012	69.4	20.8
1349269222	3 Oct 2012	69.6	20.9
1349355622	4 Oct 2012	70.5	21.4
1349442022	5 Oct 2012	70.5	21.4
1349528422	6 Oct 2012	70.5	21.4
1349614822	7 Oct 2012	69.4	20.8
1349701222	8 Oct 2012	67.3	19.6
1349787622	9 Oct 2012	66.4	19.1
1349874022	10 Oct 2012	65.7	18.7
1349960421	11 Oct 2012	64.2	17.9
1350046822	12 Oct 2012	63.0	17.2
1350133221	13 Oct 2012	61.0	16.1
1350219621	14 Oct 2012	60.1	15.6
1350306021	15 Oct 2012	61.0	16.1
1350392422	16 Oct 2012	62.1	16.7
1350478821	17 Oct 2012	61.0	16.1
1350565221	18 Oct 2012	61.0	16.1
1350651622	19 Oct 2012	62.4	16.9
1350738022	20 Oct 2012	62.8	17.1
1350824422	21 Oct 2012	62.2	16.8
1350910822	22 Oct 2012	61.3	16.3
1350997221	23 Oct 2012	61.7	16.5
1351083622	24 Oct 2012	62.1	16.7
1351170022	25 Oct 2012	62.1	16.7
1351256422	26 Oct 2012	62.1	16.7
1351342822	27 Oct 2012	62.6	17
1351429221	28 Oct 2012	62.1	16.7
1351515621	29 Oct 2012	61.2	16.2
1352917774	14 Nov 2012	52.7	11.5
1352988021	15 Nov 2012	52.5	11.4
1353074423	16 Nov 2012	52.2	11.2
1353160822	17 Nov 2012	51.6	10.9
1353247221	18 Nov 2012	51.1	10.6
1353333621	19 Nov 2012	50.7	10.4
1353506421	21 Nov 2012	50.4	10.2
1353592821	22 Nov 2012	50.5	10.3
1353679221	23 Nov 2012	50.5	10.3
1353852021	25 Nov 2012	49.5	9.7
1353938421	26 Nov 2012	48.9	9.4
1354024821	27 Nov 2012	49.3	9.6
1354111221	28 Nov 2012	49.1	9.5
1354197621	29 Nov 2012	48.6	9.2
1354284021	30 Nov 2012	48.6	9.2
1354370421	1 Dec 2012	48.0	8.9
1354456821	2 Dec 2012	48.2	9
1354543221	3 Dec 2012	48.0	8.9
1354629621	4 Dec 2012	48.4	9.1
1354716022	5 Dec 2012	48.6	9.2
1354802421	6 Dec 2012	47.8	8.8
1354888821	7 Dec 2012	47.5	8.6
1354975221	8 Dec 2012	47.8	8.8
1355061621	9 Dec 2012	48.4	9.1
1355148021	10 Dec 2012	48.6	9.2
1355234421	11 Dec 2012	48.6	9.2
1355320821	12 Dec 2012	48.2	9
1355407221	13 Dec 2012	47.8	8.8
1355493621	14 Dec 2012	47.7	8.7
1355580021	15 Dec 2012	47.7	8.7
1355666421	16 Dec 2012	47.3	8.5
1355752821	17 Dec 2012	47.1	8.4
1355839221	18 Dec 2012	47.3	8.5
1355925621	19 Dec 2012	46.9	8.3
1356012021	20 Dec 2012	46.0	7.8
1356098421	21 Dec 2012	47.3	8.5
1356184821	22 Dec 2012	45.9	7.7
1356271221	23 Dec 2012	44.4	6.9
1356357621	24 Dec 2012	44.8	7.1
1356444021	25 Dec 2012	44.8	7.1
1356530421	26 Dec 2012	45.1	7.3
1356616821	27 Dec 2012	45.0	7.2
1356703221	28 Dec 2012	44.2	6.8
1356789621	29 Dec 2012	43.3	6.3
1356876021	30 Dec 2012	43.7	6.5
1356962421	31 Dec 2012	42.1	5.6
1357048821	1 Jan 2013	41.9	5.5
1357135221	2 Jan 2013	41.7	5.4
1357221621	3 Jan 2013	41.2	5.1
1357308021	4 Jan 2013	40.8	4.9
1357480821	6 Jan 2013	40.8	4.9
1357567220	7 Jan 2013	41.5	5.3
1357653621	8 Jan 2013	43.0	6.1
1357740021	9 Jan 2013	42.8	6
1357826421	10 Jan 2013	42.6	5.9
1357912821	11 Jan 2013	42.8	6
1357999221	12 Jan 2013	43.5	6.4
1358085620	13 Jan 2013	43.5	6.4
1358258420	15 Jan 2013	43.2	6.2
1358344821	16 Jan 2013	43.2	6.2
1358431220	17 Jan 2013	42.4	5.8
1358517621	18 Jan 2013	42.6	5.9
1358604021	19 Jan 2013	41.2	5.1
1358690421	20 Jan 2013	41.7	5.4
1358776820	21 Jan 2013	41.0	5
1358863220	22 Jan 2013	39.4	4.1
1358949621	23 Jan 2013	39.4	4.1
1359036020	24 Jan 2013	41.2	5.1
1359122420	25 Jan 2013	39.9	4.4
1359208820	26 Jan 2013	40.5	4.7
1359295220	27 Jan 2013	39.6	4.2
1359381621	28 Jan 2013	39.4	4.1
1359468020	29 Jan 2013	39.2	4
1359554420	30 Jan 2013	39.6	4.2
1359727220	1 Feb 2013	38.3	3.5
1359813620	2 Feb 2013	37.9	3.3
1359900020	3 Feb 2013	39.0	3.9
1359986420	4 Feb 2013	38.1	3.4
1360072820	5 Feb 2013	38.1	3.4
1360159220	6 Feb 2013	36.0	2.2
1360245620	7 Feb 2013	36.9	2.7
1360332021	8 Feb 2013	39.6	4.2
1360418420	9 Feb 2013	38.1	3.4
1360504820	10 Feb 2013	37.4	3
1360591220	11 Feb 2013	38.1	3.4
1360677620	12 Feb 2013	38.3	3.5
1360764020	13 Feb 2013	38.7	3.7
1360850420	14 Feb 2013	39.2	4
1360936820	15 Feb 2013	39.7	4.3
1361023220	16 Feb 2013	41.0	5
1361109620	17 Feb 2013	39.9	4.4
1361196020	18 Feb 2013	36.5	2.5
1361282420	19 Feb 2013	35.8	2.1
1361368821	20 Feb 2013	38.3	3.5
1361455220	21 Feb 2013	36.1	2.3
1361541621	22 Feb 2013	36.9	2.7
1361628020	23 Feb 2013	37.2	2.9
1361714420	24 Feb 2013	39.2	4
1361800821	25 Feb 2013	39.4	4.1
1361887220	26 Feb 2013	40.3	4.6
1361973620	27 Feb 2013	41.4	5.2
1362146420	1 Mar 2013	41.9	5.5
1362232821	2 Mar 2013	41.2	5.1
1362319220	3 Mar 2013	41.2	5.1
1362405621	4 Mar 2013	40.3	4.6
1362492020	5 Mar 2013	40.6	4.8
1362578421	6 Mar 2013	41.2	5.1
1362664820	7 Mar 2013	40.8	4.9
1362751221	8 Mar 2013	40.6	4.8
1362837620	9 Mar 2013	40.5	4.7
1362920420	10 Mar 2013	41.0	5
1363006820	11 Mar 2013	41.5	5.3
1363093220	12 Mar 2013	43.5	6.4
1363179620	13 Mar 2013	43.2	6.2
1363266021	14 Mar 2013	43.3	6.3
1363352421	15 Mar 2013	42.1	5.6
1363438821	16 Mar 2013	42.6	5.9
1363525220	17 Mar 2013	42.1	5.6
1363611620	18 Mar 2013	41.5	5.3
1363698021	19 Mar 2013	41.2	5.1
1363784420	20 Mar 2013	40.1	4.5
1363870820	21 Mar 2013	41.5	5.3
1363957220	22 Mar 2013	40.1	4.5
1364043620	23 Mar 2013	40.1	4.5
1364130020	24 Mar 2013	40.3	4.6
1364216420	25 Mar 2013	42.1	5.6
1364302820	26 Mar 2013	41.9	5.5
1364389220	27 Mar 2013	42.4	5.8
1364475620	28 Mar 2013	43.0	6.1
1364562021	29 Mar 2013	43.5	6.4
1364648420	30 Mar 2013	44.6	7
1364734820	31 Mar 2013	46.6	8.1
1364821222	1 Apr 2013	46.2	7.9
1364907621	2 Apr 2013	45.1	7.3
1364994021	3 Apr 2013	45.0	7.2
1365080420	4 Apr 2013	44.6	7
1365166820	5 Apr 2013	46.0	7.8
1365253220	6 Apr 2013	45.5	7.5
1365339620	7 Apr 2013	47.7	8.7
1365426020	8 Apr 2013	47.3	8.5
1365512420	9 Apr 2013	48.0	8.9
1365598821	10 Apr 2013	49.6	9.8
1365685220	11 Apr 2013	51.4	10.8
1365771620	12 Apr 2013	49.8	9.9
1365858020	13 Apr 2013	49.3	9.6
1366030820	15 Apr 2013	52.3	11.3
1366117220	16 Apr 2013	52.7	11.5
1366203621	17 Apr 2013	54.3	12.4
1366290020	18 Apr 2013	55.2	12.9
1366376420	19 Apr 2013	53.8	12.1
1366462820	20 Apr 2013	56.1	13.4
1366635621	22 Apr 2013	53.6	12
1366722020	23 Apr 2013	52.2	11.2
1366808420	24 Apr 2013	52.0	11.1
1366894820	25 Apr 2013	54.0	12.2
1366981220	26 Apr 2013	54.3	12.4
1367067620	27 Apr 2013	55.4	13
1367154020	28 Apr 2013	57.6	14.2
1367240420	29 Apr 2013	56.5	13.6
1367326821	30 Apr 2013	53.6	12
1367413220	1 May 2013	54.5	12.5
1367499620	2 May 2013	56.3	13.5
1367586020	3 May 2013	55.9	13.3
1367672420	4 May 2013	53.8	12.1
1367758820	5 May 2013	56.7	13.7
1367845221	6 May 2013	57.4	14.1
1367931620	7 May 2013	57.7	14.3
1368018020	8 May 2013	58.5	14.7
1368104420	9 May 2013	58.8	14.9
1368190821	10 May 2013	61.2	16.2
1368277220	11 May 2013	64.4	18
1368363620	12 May 2013	63.9	17.7
1368450020	13 May 2013	61.5	16.4
1368536420	14 May 2013	59.5	15.3
1368622820	15 May 2013	60.3	15.7
1368709222	16 May 2013	60.1	15.6
1368795620	17 May 2013	61.7	16.5
1368882020	18 May 2013	63.7	17.6
1368968420	19 May 2013	62.6	17
1369054820	20 May 2013	59.4	15.2
1369141220	21 May 2013	61.2	16.2
1369227620	22 May 2013	64.8	18.2
1369314020	23 May 2013	66.4	19.1
1369400420	24 May 2013	64.8	18.2
1369486820	25 May 2013	62.1	16.7
1369573221	26 May 2013	59.4	15.2
1369659620	27 May 2013	59.9	15.5
1369746020	28 May 2013	62.6	17
1369832420	29 May 2013	62.1	16.7
1369918820	30 May 2013	64.2	17.9
1370091620	1 Jun 2013	69.4	20.8
1370178020	2 Jun 2013	72.1	22.3
1370264420	3 Jun 2013	73.6	23.1
1370350820	4 Jun 2013	68.2	20.1
1370437220	5 Jun 2013	68.9	20.5
1370523620	6 Jun 2013	69.8	21
1370610021	7 Jun 2013	63.0	17.2
1370696420	8 Jun 2013	61.9	16.6
1370782820	9 Jun 2013	66.6	19.2
1370869220	10 Jun 2013	66.6	19.2
1370955620	11 Jun 2013	67.1	19.5
1371042020	12 Jun 2013	69.4	20.8
1371128420	13 Jun 2013	69.6	20.9
1371214820	14 Jun 2013	65.7	18.7
1371301220	15 Jun 2013	67.3	19.6
1371387620	16 Jun 2013	69.1	20.6
1371474020	17 Jun 2013	71.1	21.7
1371560420	18 Jun 2013	72.3	22.4
1371646820	19 Jun 2013	68.4	20.2
1371733220	20 Jun 2013	70.0	21.1
1371819620	21 Jun 2013	70.3	21.3
1371906020	22 Jun 2013	70.3	21.3
1371992420	23 Jun 2013	68.7	20.4
1372078820	24 Jun 2013	69.3	20.7
1372165220	25 Jun 2013	72.1	22.3
1372251620	26 Jun 2013	75.0	23.9
1372338020	27 Jun 2013	75.4	24.1
1372424420	28 Jun 2013	74.8	23.8
1372510820	29 Jun 2013	75.4	24.1
1372597220	30 Jun 2013	75.7	24.3
1372683620	1 Jul 2013	76.1	24.5
1372770020	2 Jul 2013	74.7	23.7
1372856420	3 Jul 2013	74.1	23.4
1372942820	4 Jul 2013	75.9	24.4
1373115620	6 Jul 2013	79.5	26.4
1373202020	7 Jul 2013	80.6	27
1373288420	8 Jul 2013	81.7	27.6
1373379103	9 Jul 2013	73.4	23
1373461219	10 Jul 2013	73.6	23.1
1373547619	11 Jul 2013	71.8	22.1
1373634020	12 Jul 2013	73.2	22.9
1373720419	13 Jul 2013	72.0	22.2
1373806819	14 Jul 2013	72.3	22.4
1373893219	15 Jul 2013	70.9	21.6
1373979619	16 Jul 2013	73.4	23
1374066020	17 Jul 2013	75.7	24.3
1374152419	18 Jul 2013	72.9	22.7
1374238819	19 Jul 2013	74.7	23.7
1374325219	20 Jul 2013	74.1	23.4
1374411619	21 Jul 2013	74.7	23.7
1374498019	22 Jul 2013	75.2	24
1374584424	23 Jul 2013	74.8	23.8
1374670819	24 Jul 2013	74.8	23.8
1374757219	25 Jul 2013	69.6	20.9
1374843620	26 Jul 2013	66.0	18.9
1374930019	27 Jul 2013	66.4	19.1
1375016419	28 Jul 2013	69.8	21
1375102819	29 Jul 2013	70.7	21.5
1375189219	30 Jul 2013	71.1	21.7
1375275619	31 Jul 2013	71.6	22
1375362019	1 Aug 2013	71.4	21.9
1375448419	2 Aug 2013	71.2	21.8
1375534819	3 Aug 2013	72.5	22.5
1375621220	4 Aug 2013	71.6	22
1375707619	5 Aug 2013	71.2	21.8
1375794019	6 Aug 2013	71.4	21.9
1375880419	7 Aug 2013	71.8	22.1
1375966819	8 Aug 2013	72.1	22.3
1376053219	9 Aug 2013	72.5	22.5
1376139619	10 Aug 2013	72.5	22.5
1376226019	11 Aug 2013	72.5	22.5
1376312419	12 Aug 2013	73.2	22.9
1376398819	13 Aug 2013	73.6	23.1
1376485219	14 Aug 2013	72.1	22.3
1376571619	15 Aug 2013	70.7	21.5
1376658019	16 Aug 2013	70.5	21.4
1376744419	17 Aug 2013	70.9	21.6
1376830819	18 Aug 2013	71.2	21.8
1376917219	19 Aug 2013	71.1	21.7
1377003619	20 Aug 2013	71.2	21.8
1377090019	21 Aug 2013	71.8	22.1
1377176419	22 Aug 2013	72.3	22.4
1377262819	23 Aug 2013	72.9	22.7
1377349219	24 Aug 2013	72.1	22.3
1377435620	25 Aug 2013	71.6	22
1377522019	26 Aug 2013	71.4	21.9
1377608419	27 Aug 2013	71.8	22.1
1377694819	28 Aug 2013	72.5	22.5
1377781219	29 Aug 2013	72.0	22.2
1377867619	30 Aug 2013	71.6	22
1377954019	31 Aug 2013	72.3	22.4
1378040419	1 Sep 2013	73.0	22.8
1378126819	2 Sep 2013	73.0	22.8
1378213219	3 Sep 2013	73.4	23
1378299619	4 Sep 2013	73.0	22.8
1378386019	5 Sep 2013	72.7	22.6
1378472419	6 Sep 2013	71.4	21.9
1378558819	7 Sep 2013	71.2	21.8
1378645219	8 Sep 2013	71.1	21.7
1378731619	9 Sep 2013	70.7	21.5
1378818019	10 Sep 2013	70.9	21.6
1378904420	11 Sep 2013	71.2	21.8
1378990819	12 Sep 2013	71.4	21.9
1379077219	13 Sep 2013	71.4	21.9
1379163618	14 Sep 2013	69.8	21
1379250019	15 Sep 2013	68.4	20.2
1379336419	16 Sep 2013	68.7	20.4
1379422819	17 Sep 2013	66.9	19.4
1379509219	18 Sep 2013	68.0	20
1379595619	19 Sep 2013	67.6	19.8
1379682019	20 Sep 2013	65.8	18.8
1379768419	21 Sep 2013	66.2	19
1379854818	22 Sep 2013	66.2	19
1379941219	23 Sep 2013	65.7	18.7
1380027620	24 Sep 2013	65.3	18.5
1380114019	25 Sep 2013	65.5	18.6
1380200419	26 Sep 2013	67.5	19.7
1380286819	27 Sep 2013	67.6	19.8
1380373219	28 Sep 2013	67.3	19.6
1380459619	29 Sep 2013	67.1	19.5
1380546021	30 Sep 2013	66.7	19.3
1380632419	1 Oct 2013	66.9	19.4
1380718819	2 Oct 2013	67.3	19.6
1380805219	3 Oct 2013	67.6	19.8
1380891619	4 Oct 2013	66.6	19.2
1380978019	5 Oct 2013	67.3	19.6
1381064419	6 Oct 2013	67.5	19.7
1381150819	7 Oct 2013	67.5	19.7
1381237219	8 Oct 2013	66.4	19.1
1381323619	9 Oct 2013	65.7	18.7
1381410019	10 Oct 2013	64.8	18.2
1381496419	11 Oct 2013	64.4	18
1381582819	12 Oct 2013	64.2	17.9
1381669219	13 Oct 2013	64.2	17.9
1381755619	14 Oct 2013	64.0	17.8
1381842019	15 Oct 2013	63.9	17.7
1381928419	16 Oct 2013	63.9	17.7
1382014819	17 Oct 2013	63.7	17.6
1382101219	18 Oct 2013	63.9	17.7
1382187619	19 Oct 2013	63.1	17.3
1382274019	20 Oct 2013	63.0	17.2
1382360419	21 Oct 2013	62.2	16.8
1382446819	22 Oct 2013	62.4	16.9
1382533219	23 Oct 2013	62.2	16.8
1382619619	24 Oct 2013	61.5	16.4
1382706019	25 Oct 2013	61.0	16.1
1382792419	26 Oct 2013	60.3	15.7
1382878819	27 Oct 2013	60.4	15.8
1382965219	28 Oct 2013	59.7	15.4
1383051619	29 Oct 2013	59.9	15.5
1383138019	30 Oct 2013	58.8	14.9
1383224419	31 Oct 2013	59.0	15
1383310819	1 Nov 2013	59.7	15.4
1383397219	2 Nov 2013	59.7	15.4
1383487219	3 Nov 2013	59.7	15.4
1383573619	4 Nov 2013	57.9	14.4
1383660019	5 Nov 2013	58.3	14.6
1383746421	6 Nov 2013	58.3	14.6
1383832819	7 Nov 2013	58.5	14.7
1383919219	8 Nov 2013	57.4	14.1
1384005619	9 Nov 2013	57.6	14.2
1384092019	10 Nov 2013	57.4	14.1
1384178419	11 Nov 2013	57.0	13.9
1384264819	12 Nov 2013	57.2	14
1384351219	13 Nov 2013	56.1	13.4
1384437619	14 Nov 2013	55.6	13.1
1384524019	15 Nov 2013	53.6	12
1384610418	16 Nov 2013	53.4	11.9
1384696819	17 Nov 2013	53.6	12
1384869619	19 Nov 2013	54.9	12.7
1384956019	20 Nov 2013	54.0	12.2
1385042419	21 Nov 2013	53.8	12.1
1385128819	22 Nov 2013	53.8	12.1
1385215220	23 Nov 2013	53.6	12
1385301619	24 Nov 2013	53.2	11.8
1385388019	25 Nov 2013	54.3	12.4
1385474419	26 Nov 2013	52.5	11.4
1385560819	27 Nov 2013	55.0	12.8
1385647219	28 Nov 2013	53.4	11.9
1385733619	29 Nov 2013	50.9	10.5
1385820019	30 Nov 2013	50.9	10.5
1385906419	1 Dec 2013	51.4	10.8
1385992819	2 Dec 2013	51.3	10.7
1386079219	3 Dec 2013	50.5	10.3
1386165619	4 Dec 2013	50.9	10.5
1386252019	5 Dec 2013	50.9	10.5
1386338419	6 Dec 2013	51.1	10.6
1386424819	7 Dec 2013	50.5	10.3
1386511219	8 Dec 2013	49.6	9.8
1386597619	9 Dec 2013	48.4	9.1
1386684019	10 Dec 2013	47.8	8.8
1386770419	11 Dec 2013	48.7	9.3
1386856819	12 Dec 2013	49.5	9.7
1386943219	13 Dec 2013	49.3	9.6
1387029619	14 Dec 2013	49.6	9.8
1387116019	15 Dec 2013	47.7	8.7
1387202419	16 Dec 2013	47.5	8.6
1387288819	17 Dec 2013	47.1	8.4
1387375219	18 Dec 2013	46.4	8
1387461619	19 Dec 2013	45.9	7.7
1387548019	20 Dec 2013	45.7	7.6
1387634419	21 Dec 2013	45.7	7.6
1387720819	22 Dec 2013	46.8	8.2
1387807219	23 Dec 2013	47.3	8.5
1387893618	24 Dec 2013	46.0	7.8
1387980019	25 Dec 2013	45.3	7.4
1388066418	26 Dec 2013	45.0	7.2
1388152818	27 Dec 2013	45.1	7.3
1388239218	28 Dec 2013	44.6	7
1388325618	29 Dec 2013	43.2	6.2
1388412018	30 Dec 2013	44.6	7
1388498418	31 Dec 2013	44.1	6.7
1388584818	1 Jan 2014	45.3	7.4
1388671218	2 Jan 2014	46.4	8
1388757618	3 Jan 2014	43.2	6.2
1388844018	4 Jan 2014	39.9	4.4
1388930419	5 Jan 2014	43.2	6.2
1389016819	6 Jan 2014	43.3	6.3
1389103218	7 Jan 2014	42.3	5.7
1389189619	8 Jan 2014	43.7	6.5
1389276019	9 Jan 2014	41.9	5.5
1389362419	10 Jan 2014	41.2	5.1
1389448819	11 Jan 2014	42.6	5.9
1389535219	12 Jan 2014	41.4	5.2
1389621619	13 Jan 2014	41.2	5.1
1389708018	14 Jan 2014	41.7	5.4
1389794419	15 Jan 2014	40.6	4.8
1389880819	16 Jan 2014	41.0	5
1389967219	17 Jan 2014	40.6	4.8
1390053618	18 Jan 2014	41.5	5.3
1390140018	19 Jan 2014	41.0	5
1390226419	20 Jan 2014	40.1	4.5
1390312819	21 Jan 2014	39.7	4.3
1390399218	22 Jan 2014	44.2	6.8
1390485619	23 Jan 2014	40.1	4.5
1390572018	24 Jan 2014	39.9	4.4
1390658418	25 Jan 2014	41.4	5.2
1390744818	26 Jan 2014	40.1	4.5
1390831218	27 Jan 2014	39.7	4.3
1390917618	28 Jan 2014	39.0	3.9
1391004018	29 Jan 2014	39.0	3.9
1391090418	30 Jan 2014	38.3	3.5
1391176818	31 Jan 2014	38.8	3.8
1391263218	1 Feb 2014	38.7	3.7
1391349619	2 Feb 2014	38.7	3.7
1391436018	3 Feb 2014	39.2	4
1391522418	4 Feb 2014	39.2	4
1391608818	5 Feb 2014	39.7	4.3
1391695218	6 Feb 2014	38.1	3.4
1391781619	7 Feb 2014	38.1	3.4
1391868019	8 Feb 2014	37.9	3.3
1391954418	9 Feb 2014	37.8	3.2
1392040819	10 Feb 2014	37.9	3.3
1392127218	11 Feb 2014	37.2	2.9
1392213618	12 Feb 2014	37.8	3.2
1392300018	13 Feb 2014	37.4	3
1392386419	14 Feb 2014	36.7	2.6
1392472818	15 Feb 2014	36.9	2.7
1392559218	16 Feb 2014	37.0	2.8
1392645618	17 Feb 2014	36.7	2.6
1392732018	18 Feb 2014	36.7	2.6
1392818418	19 Feb 2014	37.0	2.8
1392904818	20 Feb 2014	37.0	2.8
1392991218	21 Feb 2014	37.6	3.1
1393077618	22 Feb 2014	37.2	2.9
1393164018	23 Feb 2014	37.6	3.1
1393250418	24 Feb 2014	38.1	3.4
1393336818	25 Feb 2014	37.2	2.9
1393423218	26 Feb 2014	36.5	2.5
1393509618	27 Feb 2014	36.3	2.4
1393596018	28 Feb 2014	36.1	2.3
1393682418	1 Mar 2014	35.6	2
1393768819	2 Mar 2014	36.7	2.6
1393855218	3 Mar 2014	36.3	2.4
1393941618	4 Mar 2014	35.8	2.1
1394028018	5 Mar 2014	36.0	2.2
1394114418	6 Mar 2014	36.0	2.2
1394200817	7 Mar 2014	36.3	2.4
1394287218	8 Mar 2014	36.3	2.4
1394370018	9 Mar 2014	37.0	2.8
1394456418	10 Mar 2014	37.2	2.9
1394542817	11 Mar 2014	37.6	3.1
1394629218	12 Mar 2014	38.3	3.5
1394715618	13 Mar 2014	37.6	3.1
1394888418	15 Mar 2014	38.8	3.8
1394974818	16 Mar 2014	38.5	3.6
1395061218	17 Mar 2014	37.9	3.3
1395147618	18 Mar 2014	37.8	3.2
1395234018	19 Mar 2014	37.8	3.2
1395320418	20 Mar 2014	37.9	3.3
1395406816	21 Mar 2014	38.5	3.6
1395493216	22 Mar 2014	38.8	3.8
1395579616	23 Mar 2014	39.0	3.9
1395666016	24 Mar 2014	38.5	3.6
1395752416	25 Mar 2014	38.1	3.4
1395838816	26 Mar 2014	38.7	3.7
1395925216	27 Mar 2014	38.5	3.6
1396011616	28 Mar 2014	38.8	3.8
1396098016	29 Mar 2014	39.4	4.1
1396184416	30 Mar 2014	39.7	4.3
1396270816	31 Mar 2014	39.4	4.1
1396357216	1 Apr 2014	39.2	4
1396443616	2 Apr 2014	40.1	4.5
1396530016	3 Apr 2014	39.9	4.4
1396616416	4 Apr 2014	40.5	4.7
1396702816	5 Apr 2014	40.3	4.6
1396789216	6 Apr 2014	40.1	4.5
1396830289	7 Apr 2014	41.5	5.3